
Optimal solution
   0.058772
  -0.039201
passo =  0.0010000
Obtained solution
  -0.027182
   1.417462
ans =

  -1.00000000  -0.05829927  -0.46159243
  -1.00000000   0.01932500   0.90371294
   1.00000000  -0.02055167  -0.13595859
   1.00000000   0.03411582  -0.17493156
  -1.00000000   0.01539824   0.65462003
   1.00000000   0.08791285  -2.04396304
   1.00000000  -0.06147467   0.95964477
  -1.00000000   0.00037605  -0.10273988
   1.00000000  -0.01887710   1.06835322
  -1.00000000   0.02617989  -1.08484523
