Optimal solution
   0.058772
  -0.039201
Obtained solution
   0.058772
  -0.039201
ans =

  -1.00000000  -0.05829927  -0.05829925
  -1.00000000   0.01932500   0.01932499
   1.00000000  -0.02055167  -0.02055166
   1.00000000   0.03411582   0.03411581
  -1.00000000   0.01539824   0.01539824
   1.00000000   0.08791285   0.08791283
   1.00000000  -0.06147467  -0.06147466
  -1.00000000   0.00037605   0.00037605
   1.00000000  -0.01887710  -0.01887710
  -1.00000000   0.02617989   0.02617989
