
Optimal solution
   0.058772
  -0.039201
Obtained solution
   0.0078916
  -0.0063033
ans =

  -1.00000000  -0.05829927  -0.00746524
  -1.00000000   0.01932500   0.00191686
   1.00000000  -0.02055167  -0.00265153
   1.00000000   0.03411582   0.00469917
  -1.00000000   0.01539824   0.00157600
   1.00000000   0.08791285   0.01329286
   1.00000000  -0.06147467  -0.00894638
  -1.00000000   0.00037605   0.00012669
   1.00000000  -0.01887710  -0.00332195
  -1.00000000   0.02617989   0.00431228
